151209266
151209267
151209268
151209282
151209283
151209284
151209285
151209294
151209295
151209302
151209369
151209383
151209384
151209386
151209391
151209398
151209419
151209420
151213504
151213505
151213506
151213533
151213543
151213547
151213549
151213550
151213551
151213552
151213553
151213555
151213557
151213579
151213581
151213582
151213583
151213588
151213589
151213591
151213598
151213684
151213687
151213703
151213705
151218101
151218102
151218105
151218147
151218150
151218164
151218166
151218177
151218184
151218186
151218196
151218255
151218256
151218260
151218264
151218268
151218271
151218278
151218279
151218283
151222580
151222591
151222593
151222599
151222671
151222672
151222674
151222676
151222677
151222678
151222680
151222693
151222694
151222695
151222696
151222703
151222704
151222705
151222708
151222709
151222713
151222722
151222749
151222750
151222752
151222757
151226947
151226952
151226955
151226994
151226995
151226996
151227006
151227008
151227009
151227013
151227014